(kicad_pcb (version 20171130) (host pcbnew "(5.1.5-0-10_14)")

  (general
    (thickness 1.6)
    (drawings 6)
    (tracks 0)
    (zones 0)
    (modules 62)
    (nets 80)
  )

  (page E)
  (layers
    (0 F.Cu signal)
    (31 B.Cu signal)
    (32 B.Adhes user)
    (33 F.Adhes user)
    (34 B.Paste user)
    (35 F.Paste user)
    (36 B.SilkS user)
    (37 F.SilkS user)
    (38 B.Mask user)
    (39 F.Mask user)
    (40 Dwgs.User user)
    (41 Cmts.User user)
    (42 Eco1.User user)
    (43 Eco2.User user)
    (44 Edge.Cuts user)
    (45 Margin user)
    (46 B.CrtYd user)
    (47 F.CrtYd user)
    (48 B.Fab user)
    (49 F.Fab user)
  )

  (setup
    (last_trace_width 0.20066)
    (trace_clearance 0.1778)
    (zone_clearance 0.508)
    (zone_45_only no)
    (trace_min 0.2)
    (via_size 0.8)
    (via_drill 0.4)
    (via_min_size 0.4)
    (via_min_drill 0.3)
    (uvia_size 0.3)
    (uvia_drill 0.1)
    (uvias_allowed no)
    (uvia_min_size 0.2)
    (uvia_min_drill 0.1)
    (edge_width 0.05)
    (segment_width 0.2)
    (pcb_text_width 0.3)
    (pcb_text_size 1.5 1.5)
    (mod_edge_width 0.12)
    (mod_text_size 1 1)
    (mod_text_width 0.15)
    (pad_size 5.5 5.5)
    (pad_drill 2.8)
    (pad_to_mask_clearance 0.051)
    (solder_mask_min_width 0.25)
    (aux_axis_origin 0 0)
    (visible_elements FFFFFF7F)
    (pcbplotparams
      (layerselection 0x010fc_ffffffff)
      (usegerberextensions false)
      (usegerberattributes false)
      (usegerberadvancedattributes false)
      (creategerberjobfile false)
      (excludeedgelayer true)
      (linewidth 0.100000)
      (plotframeref false)
      (viasonmask false)
      (mode 1)
      (useauxorigin false)
      (hpglpennumber 1)
      (hpglpenspeed 20)
      (hpglpendiameter 15.000000)
      (psnegative false)
      (psa4output false)
      (plotreference true)
      (plotvalue true)
      (plotinvisibletext false)
      (padsonsilk false)
      (subtractmaskfromsilk false)
      (outputformat 1)
      (mirror false)
      (drillshape 1)
      (scaleselection 1)
      (outputdirectory ""))
  )

  (net 0 "")
  (net 1 "Net-(XA1-PadVIN)")
  (net 2 "Net-(XA1-Pad5V1)")
  (net 3 "Net-(XA1-Pad3V3)")
  (net 4 "Net-(XA1-PadRST1)")
  (net 5 "Net-(XA1-PadIORF)")
  (net 6 "Net-(XA1-PadAREF)")
  (net 7 "Net-(XA1-PadA8)")
  (net 8 "Net-(XA1-PadA9)")
  (net 9 "Net-(XA1-PadA10)")
  (net 10 "Net-(XA1-PadA11)")
  (net 11 "Net-(XA1-PadA12)")
  (net 12 "Net-(XA1-PadA13)")
  (net 13 "Net-(XA1-PadA14)")
  (net 14 "Net-(XA1-PadA15)")
  (net 15 "Net-(XA1-Pad5V3)")
  (net 16 "Net-(XA1-Pad5V4)")
  (net 17 button-01)
  (net 18 Earth)
  (net 19 button-00)
  (net 20 button-02)
  (net 21 button-03)
  (net 22 button-04)
  (net 23 button-05)
  (net 24 button-06)
  (net 25 button-07)
  (net 26 button-08)
  (net 27 button-09)
  (net 28 button-10)
  (net 29 button-13)
  (net 30 button-12)
  (net 31 button-11)
  (net 32 button-22)
  (net 33 button-23)
  (net 34 button-24)
  (net 35 button-25)
  (net 36 button-26)
  (net 37 button-27)
  (net 38 button-28)
  (net 39 button-29)
  (net 40 button-30)
  (net 41 button-31)
  (net 42 button-32)
  (net 43 button-33)
  (net 44 button-34)
  (net 45 button-35)
  (net 46 button-36)
  (net 47 button-37)
  (net 48 button-38)
  (net 49 button-39)
  (net 50 button-40)
  (net 51 button-41)
  (net 52 button-42)
  (net 53 button-43)
  (net 54 button-44)
  (net 55 button-45)
  (net 56 button-46)
  (net 57 button-47)
  (net 58 button-48)
  (net 59 button-49)
  (net 60 button-50)
  (net 61 button-51)
  (net 62 button-52)
  (net 63 button-53)
  (net 64 button-17)
  (net 65 button-18)
  (net 66 button-14)
  (net 67 button-15)
  (net 68 button-16)
  (net 69 button-19)
  (net 70 button-20)
  (net 71 button-21)
  (net 72 button-54)
  (net 73 button-55)
  (net 74 button-56)
  (net 75 button-57)
  (net 76 button-58)
  (net 77 button-59)
  (net 78 button-60)
  (net 79 button-61)

  (net_class Default "This is the default net class."
    (clearance 0.1778)
    (trace_width 0.20066)
    (via_dia 0.8)
    (via_drill 0.4)
    (uvia_dia 0.3)
    (uvia_drill 0.1)
    (add_net Earth)
    (add_net "Net-(XA1-Pad3V3)")
    (add_net "Net-(XA1-Pad5V1)")
    (add_net "Net-(XA1-Pad5V3)")
    (add_net "Net-(XA1-Pad5V4)")
    (add_net "Net-(XA1-PadA10)")
    (add_net "Net-(XA1-PadA11)")
    (add_net "Net-(XA1-PadA12)")
    (add_net "Net-(XA1-PadA13)")
    (add_net "Net-(XA1-PadA14)")
    (add_net "Net-(XA1-PadA15)")
    (add_net "Net-(XA1-PadA8)")
    (add_net "Net-(XA1-PadA9)")
    (add_net "Net-(XA1-PadAREF)")
    (add_net "Net-(XA1-PadIORF)")
    (add_net "Net-(XA1-PadRST1)")
    (add_net "Net-(XA1-PadVIN)")
    (add_net button-00)
    (add_net button-01)
    (add_net button-02)
    (add_net button-03)
    (add_net button-04)
    (add_net button-05)
    (add_net button-06)
    (add_net button-07)
    (add_net button-08)
    (add_net button-09)
    (add_net button-10)
    (add_net button-11)
    (add_net button-12)
    (add_net button-13)
    (add_net button-14)
    (add_net button-15)
    (add_net button-16)
    (add_net button-17)
    (add_net button-18)
    (add_net button-19)
    (add_net button-20)
    (add_net button-21)
    (add_net button-22)
    (add_net button-23)
    (add_net button-24)
    (add_net button-25)
    (add_net button-26)
    (add_net button-27)
    (add_net button-28)
    (add_net button-29)
    (add_net button-30)
    (add_net button-31)
    (add_net button-32)
    (add_net button-33)
    (add_net button-34)
    (add_net button-35)
    (add_net button-36)
    (add_net button-37)
    (add_net button-38)
    (add_net button-39)
    (add_net button-40)
    (add_net button-41)
    (add_net button-42)
    (add_net button-43)
    (add_net button-44)
    (add_net button-45)
    (add_net button-46)
    (add_net button-47)
    (add_net button-48)
    (add_net button-49)
    (add_net button-50)
    (add_net button-51)
    (add_net button-52)
    (add_net button-53)
    (add_net button-54)
    (add_net button-55)
    (add_net button-56)
    (add_net button-57)
    (add_net button-58)
    (add_net button-59)
    (add_net button-60)
    (add_net button-61)
  )

  (module rainboard_newfighter:Sanwa-OBSF24 (layer F.Cu) (tedit 5E4BF52C) (tstamp 5E4C1597)
    (at -117.987301 0)
    (path /5E9A2DF8)
    (fp_text reference S1 (at 0 6.35) (layer F.SilkS)
      (effects (font (size 1 1) (thickness 0.15)))
    )
    (fp_text value SANWA-OBSF24 (at 0 -7.62) (layer F.Fab)
      (effects (font (size 1 1) (thickness 0.15)))
    )
    (fp_circle (center -7.62 1.27) (end -7.42 1.27) (layer F.SilkS) (width 0.2))
    (fp_circle (center 0 0) (end 12 0) (layer F.SilkS) (width 0.12))
    (fp_circle (center 0 0) (end 12 0) (layer F.Fab) (width 0.12))
    (pad 1 thru_hole oval (at -4.1 -1.4) (size 3 6) (drill oval 1 3) (layers *.Cu *.Mask)
      (net 18 Earth))
    (pad 2 thru_hole oval (at 4.1 -1.4) (size 3 6) (drill oval 1 3) (layers *.Cu *.Mask)
      (net 17 button-01))
  )

  (module rainboard_newfighter:Sanwa-OBSF24 (layer F.Cu) (tedit 5E4BF52C) (tstamp 5E4C159F)
    (at -29.496825 102.18)
    (path /5EA057B2)
    (fp_text reference S2 (at 0 6.35) (layer F.SilkS)
      (effects (font (size 1 1) (thickness 0.15)))
    )
    (fp_text value SANWA-OBSF24 (at 0 -7.62) (layer F.Fab)
      (effects (font (size 1 1) (thickness 0.15)))
    )
    (fp_circle (center -7.62 1.27) (end -7.42 1.27) (layer F.SilkS) (width 0.2))
    (fp_circle (center 0 0) (end 12 0) (layer F.SilkS) (width 0.12))
    (fp_circle (center 0 0) (end 12 0) (layer F.Fab) (width 0.12))
    (pad 1 thru_hole oval (at -4.1 -1.4) (size 3 6) (drill oval 1 3) (layers *.Cu *.Mask)
      (net 18 Earth))
    (pad 2 thru_hole oval (at 4.1 -1.4) (size 3 6) (drill oval 1 3) (layers *.Cu *.Mask)
      (net 20 button-02))
  )

  (module rainboard_newfighter:Sanwa-OBSF24 (layer F.Cu) (tedit 5E4BF52C) (tstamp 5E4C15A7)
    (at -103.238888 25.545)
    (path /5EA1868E)
    (fp_text reference S3 (at 0 6.35) (layer F.SilkS)
      (effects (font (size 1 1) (thickness 0.15)))
    )
    (fp_text value SANWA-OBSF24 (at 0 -7.62) (layer F.Fab)
      (effects (font (size 1 1) (thickness 0.15)))
    )
    (fp_circle (center -7.62 1.27) (end -7.42 1.27) (layer F.SilkS) (width 0.2))
    (fp_circle (center 0 0) (end 12 0) (layer F.SilkS) (width 0.12))
    (fp_circle (center 0 0) (end 12 0) (layer F.Fab) (width 0.12))
    (pad 1 thru_hole oval (at -4.1 -1.4) (size 3 6) (drill oval 1 3) (layers *.Cu *.Mask)
      (net 18 Earth))
    (pad 2 thru_hole oval (at 4.1 -1.4) (size 3 6) (drill oval 1 3) (layers *.Cu *.Mask)
      (net 21 button-03))
  )

  (module rainboard_newfighter:Sanwa-OBSF24 (layer F.Cu) (tedit 5E4BF52C) (tstamp 5E4C15AF)
    (at 29.496825 51.09 90)
    (path /5EA18706)
    (fp_text reference S4 (at 0 6.35 90) (layer F.SilkS)
      (effects (font (size 1 1) (thickness 0.15)))
    )
    (fp_text value SANWA-OBSF24 (at 0 -7.62 90) (layer F.Fab)
      (effects (font (size 1 1) (thickness 0.15)))
    )
    (fp_circle (center -7.62 1.27) (end -7.42 1.27) (layer F.SilkS) (width 0.2))
    (fp_circle (center 0 0) (end 12 0) (layer F.SilkS) (width 0.12))
    (fp_circle (center 0 0) (end 12 0) (layer F.Fab) (width 0.12))
    (pad 1 thru_hole oval (at -4.1 -1.4 90) (size 3 6) (drill oval 1 3) (layers *.Cu *.Mask)
      (net 18 Earth))
    (pad 2 thru_hole oval (at 4.1 -1.4 90) (size 3 6) (drill oval 1 3) (layers *.Cu *.Mask)
      (net 22 button-04))
  )

  (module rainboard_newfighter:Sanwa-OBSF24 (layer F.Cu) (tedit 5E4BF52C) (tstamp 5E4C15B7)
    (at -88.490476 -51.09)
    (path /5EA6CC98)
    (fp_text reference S5 (at 0 6.35) (layer F.SilkS)
      (effects (font (size 1 1) (thickness 0.15)))
    )
    (fp_text value SANWA-OBSF24 (at 0 -7.62) (layer F.Fab)
      (effects (font (size 1 1) (thickness 0.15)))
    )
    (fp_circle (center -7.62 1.27) (end -7.42 1.27) (layer F.SilkS) (width 0.2))
    (fp_circle (center 0 0) (end 12 0) (layer F.SilkS) (width 0.12))
    (fp_circle (center 0 0) (end 12 0) (layer F.Fab) (width 0.12))
    (pad 1 thru_hole oval (at -4.1 -1.4) (size 3 6) (drill oval 1 3) (layers *.Cu *.Mask)
      (net 18 Earth))
    (pad 2 thru_hole oval (at 4.1 -1.4) (size 3 6) (drill oval 1 3) (layers *.Cu *.Mask)
      (net 23 button-05))
  )

  (module rainboard_newfighter:Sanwa-OBSF24 (layer F.Cu) (tedit 5E4BF52C) (tstamp 5E4C15BF)
    (at -88.490476 51.09)
    (path /5EA6CD10)
    (fp_text reference S6 (at 0 6.35) (layer F.SilkS)
      (effects (font (size 1 1) (thickness 0.15)))
    )
    (fp_text value SANWA-OBSF24 (at 0 -7.62) (layer F.Fab)
      (effects (font (size 1 1) (thickness 0.15)))
    )
    (fp_circle (center -7.62 1.27) (end -7.42 1.27) (layer F.SilkS) (width 0.2))
    (fp_circle (center 0 0) (end 12 0) (layer F.SilkS) (width 0.12))
    (fp_circle (center 0 0) (end 12 0) (layer F.Fab) (width 0.12))
    (pad 1 thru_hole oval (at -4.1 -1.4) (size 3 6) (drill oval 1 3) (layers *.Cu *.Mask)
      (net 18 Earth))
    (pad 2 thru_hole oval (at 4.1 -1.4) (size 3 6) (drill oval 1 3) (layers *.Cu *.Mask)
      (net 24 button-06))
  )

  (module rainboard_newfighter:Sanwa-OBSF24 (layer F.Cu) (tedit 5E4BF52C) (tstamp 5E4C15C7)
    (at 73.742063 76.635)
    (path /5EA6CD88)
    (fp_text reference S7 (at 0 6.35) (layer F.SilkS)
      (effects (font (size 1 1) (thickness 0.15)))
    )
    (fp_text value SANWA-OBSF24 (at 0 -7.62) (layer F.Fab)
      (effects (font (size 1 1) (thickness 0.15)))
    )
    (fp_circle (center 0 0) (end 12 0) (layer F.Fab) (width 0.12))
    (fp_circle (center 0 0) (end 12 0) (layer F.SilkS) (width 0.12))
    (fp_circle (center -7.62 1.27) (end -7.42 1.27) (layer F.SilkS) (width 0.2))
    (pad 2 thru_hole oval (at 4.1 -1.4) (size 3 6) (drill oval 1 3) (layers *.Cu *.Mask)
      (net 25 button-07))
    (pad 1 thru_hole oval (at -4.1 -1.4) (size 3 6) (drill oval 1 3) (layers *.Cu *.Mask)
      (net 18 Earth))
  )

  (module rainboard_newfighter:Sanwa-OBSF24 (layer F.Cu) (tedit 5E4BF52C) (tstamp 5E4C15CF)
    (at 14.748413 25.545 180)
    (path /5EA6CE00)
    (fp_text reference S8 (at 0 6.35) (layer F.SilkS)
      (effects (font (size 1 1) (thickness 0.15)))
    )
    (fp_text value SANWA-OBSF24 (at 0 -7.62) (layer F.Fab)
      (effects (font (size 1 1) (thickness 0.15)))
    )
    (fp_circle (center -7.62 1.27) (end -7.42 1.27) (layer F.SilkS) (width 0.2))
    (fp_circle (center 0 0) (end 12 0) (layer F.SilkS) (width 0.12))
    (fp_circle (center 0 0) (end 12 0) (layer F.Fab) (width 0.12))
    (pad 1 thru_hole oval (at -4.1 -1.4 180) (size 3 6) (drill oval 1 3) (layers *.Cu *.Mask)
      (net 18 Earth))
    (pad 2 thru_hole oval (at 4.1 -1.4 180) (size 3 6) (drill oval 1 3) (layers *.Cu *.Mask)
      (net 26 button-08))
  )

  (module rainboard_newfighter:Sanwa-OBSF24 (layer F.Cu) (tedit 5E4BF52C) (tstamp 5E4C15D7)
    (at -73.742063 -25.545)
    (path /5E9BF0D9)
    (fp_text reference S9 (at 0 6.35) (layer F.SilkS)
      (effects (font (size 1 1) (thickness 0.15)))
    )
    (fp_text value SANWA-OBSF24 (at 0 -7.62) (layer F.Fab)
      (effects (font (size 1 1) (thickness 0.15)))
    )
    (fp_circle (center 0 0) (end 12 0) (layer F.Fab) (width 0.12))
    (fp_circle (center 0 0) (end 12 0) (layer F.SilkS) (width 0.12))
    (fp_circle (center -7.62 1.27) (end -7.42 1.27) (layer F.SilkS) (width 0.2))
    (pad 2 thru_hole oval (at 4.1 -1.4) (size 3 6) (drill oval 1 3) (layers *.Cu *.Mask)
      (net 27 button-09))
    (pad 1 thru_hole oval (at -4.1 -1.4) (size 3 6) (drill oval 1 3) (layers *.Cu *.Mask)
      (net 18 Earth))
  )

  (module rainboard_newfighter:Sanwa-OBSF24 (layer F.Cu) (tedit 5E4BF52C) (tstamp 5E4C15DF)
    (at -73.742063 76.635)
    (path /5EA057C1)
    (fp_text reference S10 (at 0 6.35) (layer F.SilkS)
      (effects (font (size 1 1) (thickness 0.15)))
    )
    (fp_text value SANWA-OBSF24 (at 0 -7.62) (layer F.Fab)
      (effects (font (size 1 1) (thickness 0.15)))
    )
    (fp_circle (center 0 0) (end 12 0) (layer F.Fab) (width 0.12))
    (fp_circle (center 0 0) (end 12 0) (layer F.SilkS) (width 0.12))
    (fp_circle (center -7.62 1.27) (end -7.42 1.27) (layer F.SilkS) (width 0.2))
    (pad 2 thru_hole oval (at 4.1 -1.4) (size 3 6) (drill oval 1 3) (layers *.Cu *.Mask)
      (net 28 button-10))
    (pad 1 thru_hole oval (at -4.1 -1.4) (size 3 6) (drill oval 1 3) (layers *.Cu *.Mask)
      (net 18 Earth))
  )

  (module rainboard_newfighter:Sanwa-OBSF24 (layer F.Cu) (tedit 5E4BF52C) (tstamp 5E4C15E7)
    (at 0 -102.18)
    (path /5EA1869D)
    (fp_text reference S11 (at 0 6.35) (layer F.SilkS)
      (effects (font (size 1 1) (thickness 0.15)))
    )
    (fp_text value SANWA-OBSF24 (at 0 -7.62) (layer F.Fab)
      (effects (font (size 1 1) (thickness 0.15)))
    )
    (fp_circle (center 0 0) (end 12 0) (layer F.Fab) (width 0.12))
    (fp_circle (center 0 0) (end 12 0) (layer F.SilkS) (width 0.12))
    (fp_circle (center -7.62 1.27) (end -7.42 1.27) (layer F.SilkS) (width 0.2))
    (pad 2 thru_hole oval (at 4.1 -1.4) (size 3 6) (drill oval 1 3) (layers *.Cu *.Mask)
      (net 31 button-11))
    (pad 1 thru_hole oval (at -4.1 -1.4) (size 3 6) (drill oval 1 3) (layers *.Cu *.Mask)
      (net 18 Earth))
  )

  (module rainboard_newfighter:Sanwa-OBSF24 (layer F.Cu) (tedit 5E4BF52C) (tstamp 5E4C15EF)
    (at 58.993651 51.09)
    (path /5EA18715)
    (fp_text reference S12 (at 0 6.35) (layer F.SilkS)
      (effects (font (size 1 1) (thickness 0.15)))
    )
    (fp_text value SANWA-OBSF24 (at 0 -7.62) (layer F.Fab)
      (effects (font (size 1 1) (thickness 0.15)))
    )
    (fp_circle (center 0 0) (end 12 0) (layer F.Fab) (width 0.12))
    (fp_circle (center 0 0) (end 12 0) (layer F.SilkS) (width 0.12))
    (fp_circle (center -7.62 1.27) (end -7.42 1.27) (layer F.SilkS) (width 0.2))
    (pad 2 thru_hole oval (at 4.1 -1.4) (size 3 6) (drill oval 1 3) (layers *.Cu *.Mask)
      (net 30 button-12))
    (pad 1 thru_hole oval (at -4.1 -1.4) (size 3 6) (drill oval 1 3) (layers *.Cu *.Mask)
      (net 18 Earth))
  )

  (module rainboard_newfighter:Sanwa-OBSF24 (layer F.Cu) (tedit 5E4BF52C) (tstamp 5E4C15F7)
    (at 0 0)
    (path /5EA6CCA7)
    (fp_text reference S13 (at 0 6.35) (layer F.SilkS)
      (effects (font (size 1 1) (thickness 0.15)))
    )
    (fp_text value SANWA-OBSF24 (at 0 -7.62) (layer F.Fab)
      (effects (font (size 1 1) (thickness 0.15)))
    )
    (fp_circle (center 0 0) (end 12 0) (layer F.Fab) (width 0.12))
    (fp_circle (center 0 0) (end 12 0) (layer F.SilkS) (width 0.12))
    (fp_circle (center -7.62 1.27) (end -7.42 1.27) (layer F.SilkS) (width 0.2))
    (pad 2 thru_hole oval (at 4.1 -1.4) (size 3 6) (drill oval 1 3) (layers *.Cu *.Mask)
      (net 29 button-13))
    (pad 1 thru_hole oval (at -4.1 -1.4) (size 3 6) (drill oval 1 3) (layers *.Cu *.Mask)
      (net 18 Earth))
  )

  (module rainboard_newfighter:Sanwa-OBSF24 (layer F.Cu) (tedit 5E4BF52C) (tstamp 5E4C15FF)
    (at -58.993651 0)
    (path /5EA6CD1F)
    (fp_text reference S14 (at 0 6.35) (layer F.SilkS)
      (effects (font (size 1 1) (thickness 0.15)))
    )
    (fp_text value SANWA-OBSF24 (at 0 -7.62) (layer F.Fab)
      (effects (font (size 1 1) (thickness 0.15)))
    )
    (fp_circle (center 0 0) (end 12 0) (layer F.Fab) (width 0.12))
    (fp_circle (center 0 0) (end 12 0) (layer F.SilkS) (width 0.12))
    (fp_circle (center -7.62 1.27) (end -7.42 1.27) (layer F.SilkS) (width 0.2))
    (pad 2 thru_hole oval (at 4.1 -1.4) (size 3 6) (drill oval 1 3) (layers *.Cu *.Mask)
      (net 66 button-14))
    (pad 1 thru_hole oval (at -4.1 -1.4) (size 3 6) (drill oval 1 3) (layers *.Cu *.Mask)
      (net 18 Earth))
  )

  (module rainboard_newfighter:Sanwa-OBSF24 (layer F.Cu) (tedit 5E4BF52C) (tstamp 5E4C1607)
    (at -58.993651 102.18)
    (path /5EA6CD97)
    (fp_text reference S15 (at 0 6.35) (layer F.SilkS)
      (effects (font (size 1 1) (thickness 0.15)))
    )
    (fp_text value SANWA-OBSF24 (at 0 -7.62) (layer F.Fab)
      (effects (font (size 1 1) (thickness 0.15)))
    )
    (fp_circle (center -7.62 1.27) (end -7.42 1.27) (layer F.SilkS) (width 0.2))
    (fp_circle (center 0 0) (end 12 0) (layer F.SilkS) (width 0.12))
    (fp_circle (center 0 0) (end 12 0) (layer F.Fab) (width 0.12))
    (pad 1 thru_hole oval (at -4.1 -1.4) (size 3 6) (drill oval 1 3) (layers *.Cu *.Mask)
      (net 18 Earth))
    (pad 2 thru_hole oval (at 4.1 -1.4) (size 3 6) (drill oval 1 3) (layers *.Cu *.Mask)
      (net 67 button-15))
  )

  (module rainboard_newfighter:Sanwa-OBSF24 (layer F.Cu) (tedit 5E4BF52C) (tstamp 5E4C160F)
    (at 117.987301 0)
    (path /5EA6CE0F)
    (fp_text reference S16 (at 0 6.35) (layer F.SilkS)
      (effects (font (size 1 1) (thickness 0.15)))
    )
    (fp_text value SANWA-OBSF24 (at 0 -7.62) (layer F.Fab)
      (effects (font (size 1 1) (thickness 0.15)))
    )
    (fp_circle (center 0 0) (end 12 0) (layer F.Fab) (width 0.12))
    (fp_circle (center 0 0) (end 12 0) (layer F.SilkS) (width 0.12))
    (fp_circle (center -7.62 1.27) (end -7.42 1.27) (layer F.SilkS) (width 0.2))
    (pad 2 thru_hole oval (at 4.1 -1.4) (size 3 6) (drill oval 1 3) (layers *.Cu *.Mask)
      (net 68 button-16))
    (pad 1 thru_hole oval (at -4.1 -1.4) (size 3 6) (drill oval 1 3) (layers *.Cu *.Mask)
      (net 18 Earth))
  )

  (module rainboard_newfighter:Sanwa-OBSF24 (layer F.Cu) (tedit 5E4BF52C) (tstamp 5E4C1617)
    (at 14.748413 -76.635)
    (path /5E9C3F5E)
    (fp_text reference S17 (at 0 6.35) (layer F.SilkS)
      (effects (font (size 1 1) (thickness 0.15)))
    )
    (fp_text value SANWA-OBSF24 (at 0 -7.62) (layer F.Fab)
      (effects (font (size 1 1) (thickness 0.15)))
    )
    (fp_circle (center -7.62 1.27) (end -7.42 1.27) (layer F.SilkS) (width 0.2))
    (fp_circle (center 0 0) (end 12 0) (layer F.SilkS) (width 0.12))
    (fp_circle (center 0 0) (end 12 0) (layer F.Fab) (width 0.12))
    (pad 1 thru_hole oval (at -4.1 -1.4) (size 3 6) (drill oval 1 3) (layers *.Cu *.Mask)
      (net 18 Earth))
    (pad 2 thru_hole oval (at 4.1 -1.4) (size 3 6) (drill oval 1 3) (layers *.Cu *.Mask)
      (net 64 button-17))
  )

  (module rainboard_newfighter:Sanwa-OBSF24 (layer F.Cu) (tedit 5E4BF52C) (tstamp 5E4C161F)
    (at 44.245238 25.545 270)
    (path /5EA057D0)
    (fp_text reference S18 (at 0 6.35 90) (layer F.SilkS)
      (effects (font (size 1 1) (thickness 0.15)))
    )
    (fp_text value SANWA-OBSF24 (at 0 -7.62 90) (layer F.Fab)
      (effects (font (size 1 1) (thickness 0.15)))
    )
    (fp_circle (center -7.62 1.27) (end -7.42 1.27) (layer F.SilkS) (width 0.2))
    (fp_circle (center 0 0) (end 12 0) (layer F.SilkS) (width 0.12))
    (fp_circle (center 0 0) (end 12 0) (layer F.Fab) (width 0.12))
    (pad 1 thru_hole oval (at -4.1 -1.4 270) (size 3 6) (drill oval 1 3) (layers *.Cu *.Mask)
      (net 18 Earth))
    (pad 2 thru_hole oval (at 4.1 -1.4 270) (size 3 6) (drill oval 1 3) (layers *.Cu *.Mask)
      (net 65 button-18))
  )

  (module rainboard_newfighter:Sanwa-OBSF24 (layer F.Cu) (tedit 5E4BF52C) (tstamp 5E4C1627)
    (at -14.748413 -25.545)
    (path /5EA186AC)
    (fp_text reference S19 (at 0 6.35) (layer F.SilkS)
      (effects (font (size 1 1) (thickness 0.15)))
    )
    (fp_text value SANWA-OBSF24 (at 0 -7.62) (layer F.Fab)
      (effects (font (size 1 1) (thickness 0.15)))
    )
    (fp_circle (center -7.62 1.27) (end -7.42 1.27) (layer F.SilkS) (width 0.2))
    (fp_circle (center 0 0) (end 12 0) (layer F.SilkS) (width 0.12))
    (fp_circle (center 0 0) (end 12 0) (layer F.Fab) (width 0.12))
    (pad 1 thru_hole oval (at -4.1 -1.4) (size 3 6) (drill oval 1 3) (layers *.Cu *.Mask)
      (net 18 Earth))
    (pad 2 thru_hole oval (at 4.1 -1.4) (size 3 6) (drill oval 1 3) (layers *.Cu *.Mask)
      (net 69 button-19))
  )

  (module rainboard_newfighter:Sanwa-OBSF24 (layer F.Cu) (tedit 5E4BF52C) (tstamp 5E4C162F)
    (at -44.245238 25.545)
    (path /5EA18724)
    (fp_text reference S20 (at 0 6.35) (layer F.SilkS)
      (effects (font (size 1 1) (thickness 0.15)))
    )
    (fp_text value SANWA-OBSF24 (at 0 -7.62) (layer F.Fab)
      (effects (font (size 1 1) (thickness 0.15)))
    )
    (fp_circle (center -7.62 1.27) (end -7.42 1.27) (layer F.SilkS) (width 0.2))
    (fp_circle (center 0 0) (end 12 0) (layer F.SilkS) (width 0.12))
    (fp_circle (center 0 0) (end 12 0) (layer F.Fab) (width 0.12))
    (pad 1 thru_hole oval (at -4.1 -1.4) (size 3 6) (drill oval 1 3) (layers *.Cu *.Mask)
      (net 18 Earth))
    (pad 2 thru_hole oval (at 4.1 -1.4) (size 3 6) (drill oval 1 3) (layers *.Cu *.Mask)
      (net 70 button-20))
  )

  (module rainboard_newfighter:Sanwa-OBSF24 (layer F.Cu) (tedit 5E4BF52C) (tstamp 5E4C1637)
    (at -103.238888 -25.545)
    (path /5EA6CCB6)
    (fp_text reference S21 (at 0 6.35) (layer F.SilkS)
      (effects (font (size 1 1) (thickness 0.15)))
    )
    (fp_text value SANWA-OBSF24 (at 0 -7.62) (layer F.Fab)
      (effects (font (size 1 1) (thickness 0.15)))
    )
    (fp_circle (center -7.62 1.27) (end -7.42 1.27) (layer F.SilkS) (width 0.2))
    (fp_circle (center 0 0) (end 12 0) (layer F.SilkS) (width 0.12))
    (fp_circle (center 0 0) (end 12 0) (layer F.Fab) (width 0.12))
    (pad 1 thru_hole oval (at -4.1 -1.4) (size 3 6) (drill oval 1 3) (layers *.Cu *.Mask)
      (net 18 Earth))
    (pad 2 thru_hole oval (at 4.1 -1.4) (size 3 6) (drill oval 1 3) (layers *.Cu *.Mask)
      (net 71 button-21))
  )

  (module rainboard_newfighter:Sanwa-OBSF24 (layer F.Cu) (tedit 5E4BF52C) (tstamp 5E4C163F)
    (at 103.238888 -25.545)
    (path /5EA6CD2E)
    (fp_text reference S22 (at 0 6.35) (layer F.SilkS)
      (effects (font (size 1 1) (thickness 0.15)))
    )
    (fp_text value SANWA-OBSF24 (at 0 -7.62) (layer F.Fab)
      (effects (font (size 1 1) (thickness 0.15)))
    )
    (fp_circle (center -7.62 1.27) (end -7.42 1.27) (layer F.SilkS) (width 0.2))
    (fp_circle (center 0 0) (end 12 0) (layer F.SilkS) (width 0.12))
    (fp_circle (center 0 0) (end 12 0) (layer F.Fab) (width 0.12))
    (pad 1 thru_hole oval (at -4.1 -1.4) (size 3 6) (drill oval 1 3) (layers *.Cu *.Mask)
      (net 18 Earth))
    (pad 2 thru_hole oval (at 4.1 -1.4) (size 3 6) (drill oval 1 3) (layers *.Cu *.Mask)
      (net 32 button-22))
  )

  (module rainboard_newfighter:Sanwa-OBSF24 (layer F.Cu) (tedit 5E4BF52C) (tstamp 5E4C1647)
    (at 29.496825 -51.09)
    (path /5EA6CDA6)
    (fp_text reference S23 (at 0 6.35) (layer F.SilkS)
      (effects (font (size 1 1) (thickness 0.15)))
    )
    (fp_text value SANWA-OBSF24 (at 0 -7.62) (layer F.Fab)
      (effects (font (size 1 1) (thickness 0.15)))
    )
    (fp_circle (center 0 0) (end 12 0) (layer F.Fab) (width 0.12))
    (fp_circle (center 0 0) (end 12 0) (layer F.SilkS) (width 0.12))
    (fp_circle (center -7.62 1.27) (end -7.42 1.27) (layer F.SilkS) (width 0.2))
    (pad 2 thru_hole oval (at 4.1 -1.4) (size 3 6) (drill oval 1 3) (layers *.Cu *.Mask)
      (net 33 button-23))
    (pad 1 thru_hole oval (at -4.1 -1.4) (size 3 6) (drill oval 1 3) (layers *.Cu *.Mask)
      (net 18 Earth))
  )

  (module rainboard_newfighter:Sanwa-OBSF24 (layer F.Cu) (tedit 5E4BF52C) (tstamp 5E4C164F)
    (at 29.496825 0)
    (path /5EA6CE1E)
    (fp_text reference S24 (at 0 6.35) (layer F.SilkS)
      (effects (font (size 1 1) (thickness 0.15)))
    )
    (fp_text value SANWA-OBSF24 (at 0 -7.62) (layer F.Fab)
      (effects (font (size 1 1) (thickness 0.15)))
    )
    (fp_circle (center -7.62 1.27) (end -7.42 1.27) (layer F.SilkS) (width 0.2))
    (fp_circle (center 0 0) (end 12 0) (layer F.SilkS) (width 0.12))
    (fp_circle (center 0 0) (end 12 0) (layer F.Fab) (width 0.12))
    (pad 1 thru_hole oval (at -4.1 -1.4) (size 3 6) (drill oval 1 3) (layers *.Cu *.Mask)
      (net 18 Earth))
    (pad 2 thru_hole oval (at 4.1 -1.4) (size 3 6) (drill oval 1 3) (layers *.Cu *.Mask)
      (net 34 button-24))
  )

  (module rainboard_newfighter:Sanwa-OBSF24 (layer F.Cu) (tedit 5E4BF52C) (tstamp 5E4C1657)
    (at -29.496825 -51.09)
    (path /5E9C3F6D)
    (fp_text reference S25 (at 0 6.35) (layer F.SilkS)
      (effects (font (size 1 1) (thickness 0.15)))
    )
    (fp_text value SANWA-OBSF24 (at 0 -7.62) (layer F.Fab)
      (effects (font (size 1 1) (thickness 0.15)))
    )
    (fp_circle (center 0 0) (end 12 0) (layer F.Fab) (width 0.12))
    (fp_circle (center 0 0) (end 12 0) (layer F.SilkS) (width 0.12))
    (fp_circle (center -7.62 1.27) (end -7.42 1.27) (layer F.SilkS) (width 0.2))
    (pad 2 thru_hole oval (at 4.1 -1.4) (size 3 6) (drill oval 1 3) (layers *.Cu *.Mask)
      (net 35 button-25))
    (pad 1 thru_hole oval (at -4.1 -1.4) (size 3 6) (drill oval 1 3) (layers *.Cu *.Mask)
      (net 18 Earth))
  )

  (module rainboard_newfighter:Sanwa-OBSF24 (layer F.Cu) (tedit 5E4BF52C) (tstamp 5E4C165F)
    (at -29.496825 51.09)
    (path /5EA057DF)
    (fp_text reference S26 (at 0 6.35) (layer F.SilkS)
      (effects (font (size 1 1) (thickness 0.15)))
    )
    (fp_text value SANWA-OBSF24 (at 0 -7.62) (layer F.Fab)
      (effects (font (size 1 1) (thickness 0.15)))
    )
    (fp_circle (center 0 0) (end 12 0) (layer F.Fab) (width 0.12))
    (fp_circle (center 0 0) (end 12 0) (layer F.SilkS) (width 0.12))
    (fp_circle (center -7.62 1.27) (end -7.42 1.27) (layer F.SilkS) (width 0.2))
    (pad 2 thru_hole oval (at 4.1 -1.4) (size 3 6) (drill oval 1 3) (layers *.Cu *.Mask)
      (net 36 button-26))
    (pad 1 thru_hole oval (at -4.1 -1.4) (size 3 6) (drill oval 1 3) (layers *.Cu *.Mask)
      (net 18 Earth))
  )

  (module rainboard_newfighter:Sanwa-OBSF24 (layer F.Cu) (tedit 5E4BF52C) (tstamp 5E4C1667)
    (at -14.748413 25.545 90)
    (path /5EA186BB)
    (fp_text reference S27 (at 0 6.35 90) (layer F.SilkS)
      (effects (font (size 1 1) (thickness 0.15)))
    )
    (fp_text value SANWA-OBSF24 (at 0 -7.62 90) (layer F.Fab)
      (effects (font (size 1 1) (thickness 0.15)))
    )
    (fp_circle (center 0 0) (end 12 0) (layer F.Fab) (width 0.12))
    (fp_circle (center 0 0) (end 12 0) (layer F.SilkS) (width 0.12))
    (fp_circle (center -7.62 1.27) (end -7.42 1.27) (layer F.SilkS) (width 0.2))
    (pad 2 thru_hole oval (at 4.1 -1.4 90) (size 3 6) (drill oval 1 3) (layers *.Cu *.Mask)
      (net 37 button-27))
    (pad 1 thru_hole oval (at -4.1 -1.4 90) (size 3 6) (drill oval 1 3) (layers *.Cu *.Mask)
      (net 18 Earth))
  )

  (module rainboard_newfighter:Sanwa-OBSF24 (layer F.Cu) (tedit 5E4BF52C) (tstamp 5E4C166F)
    (at 88.490476 -51.09)
    (path /5EA18733)
    (fp_text reference S28 (at 0 6.35) (layer F.SilkS)
      (effects (font (size 1 1) (thickness 0.15)))
    )
    (fp_text value SANWA-OBSF24 (at 0 -7.62) (layer F.Fab)
      (effects (font (size 1 1) (thickness 0.15)))
    )
    (fp_circle (center 0 0) (end 12 0) (layer F.Fab) (width 0.12))
    (fp_circle (center 0 0) (end 12 0) (layer F.SilkS) (width 0.12))
    (fp_circle (center -7.62 1.27) (end -7.42 1.27) (layer F.SilkS) (width 0.2))
    (pad 2 thru_hole oval (at 4.1 -1.4) (size 3 6) (drill oval 1 3) (layers *.Cu *.Mask)
      (net 38 button-28))
    (pad 1 thru_hole oval (at -4.1 -1.4) (size 3 6) (drill oval 1 3) (layers *.Cu *.Mask)
      (net 18 Earth))
  )

  (module rainboard_newfighter:Sanwa-OBSF24 (layer F.Cu) (tedit 5E4BF52C) (tstamp 5E4C1677)
    (at 44.245238 -25.545)
    (path /5EA6CCC5)
    (fp_text reference S29 (at 0 6.35) (layer F.SilkS)
      (effects (font (size 1 1) (thickness 0.15)))
    )
    (fp_text value SANWA-OBSF24 (at 0 -7.62) (layer F.Fab)
      (effects (font (size 1 1) (thickness 0.15)))
    )
    (fp_circle (center 0 0) (end 12 0) (layer F.Fab) (width 0.12))
    (fp_circle (center 0 0) (end 12 0) (layer F.SilkS) (width 0.12))
    (fp_circle (center -7.62 1.27) (end -7.42 1.27) (layer F.SilkS) (width 0.2))
    (pad 2 thru_hole oval (at 4.1 -1.4) (size 3 6) (drill oval 1 3) (layers *.Cu *.Mask)
      (net 39 button-29))
    (pad 1 thru_hole oval (at -4.1 -1.4) (size 3 6) (drill oval 1 3) (layers *.Cu *.Mask)
      (net 18 Earth))
  )

  (module rainboard_newfighter:Sanwa-OBSF24 (layer F.Cu) (tedit 5E4BF52C) (tstamp 5E4C167F)
    (at 14.748413 -25.545)
    (path /5EA6CD3D)
    (fp_text reference S30 (at 0 6.35) (layer F.SilkS)
      (effects (font (size 1 1) (thickness 0.15)))
    )
    (fp_text value SANWA-OBSF24 (at 0 -7.62) (layer F.Fab)
      (effects (font (size 1 1) (thickness 0.15)))
    )
    (fp_circle (center 0 0) (end 12 0) (layer F.Fab) (width 0.12))
    (fp_circle (center 0 0) (end 12 0) (layer F.SilkS) (width 0.12))
    (fp_circle (center -7.62 1.27) (end -7.42 1.27) (layer F.SilkS) (width 0.2))
    (pad 2 thru_hole oval (at 4.1 -1.4) (size 3 6) (drill oval 1 3) (layers *.Cu *.Mask)
      (net 40 button-30))
    (pad 1 thru_hole oval (at -4.1 -1.4) (size 3 6) (drill oval 1 3) (layers *.Cu *.Mask)
      (net 18 Earth))
  )

  (module rainboard_newfighter:Sanwa-OBSF24 (layer F.Cu) (tedit 5E4BF52C) (tstamp 5E4C1687)
    (at -44.245238 -76.635)
    (path /5EA6CDB5)
    (fp_text reference S31 (at 0 6.35) (layer F.SilkS)
      (effects (font (size 1 1) (thickness 0.15)))
    )
    (fp_text value SANWA-OBSF24 (at 0 -7.62) (layer F.Fab)
      (effects (font (size 1 1) (thickness 0.15)))
    )
    (fp_circle (center -7.62 1.27) (end -7.42 1.27) (layer F.SilkS) (width 0.2))
    (fp_circle (center 0 0) (end 12 0) (layer F.SilkS) (width 0.12))
    (fp_circle (center 0 0) (end 12 0) (layer F.Fab) (width 0.12))
    (pad 1 thru_hole oval (at -4.1 -1.4) (size 3 6) (drill oval 1 3) (layers *.Cu *.Mask)
      (net 18 Earth))
    (pad 2 thru_hole oval (at 4.1 -1.4) (size 3 6) (drill oval 1 3) (layers *.Cu *.Mask)
      (net 41 button-31))
  )

  (module rainboard_newfighter:Sanwa-OBSF24 (layer F.Cu) (tedit 5E4BF52C) (tstamp 5E4C168F)
    (at -14.748413 76.635 90)
    (path /5EA6CE2D)
    (fp_text reference S32 (at 0 6.35 90) (layer F.SilkS)
      (effects (font (size 1 1) (thickness 0.15)))
    )
    (fp_text value SANWA-OBSF24 (at 0 -7.62 90) (layer F.Fab)
      (effects (font (size 1 1) (thickness 0.15)))
    )
    (fp_circle (center 0 0) (end 12 0) (layer F.Fab) (width 0.12))
    (fp_circle (center 0 0) (end 12 0) (layer F.SilkS) (width 0.12))
    (fp_circle (center -7.62 1.27) (end -7.42 1.27) (layer F.SilkS) (width 0.2))
    (pad 2 thru_hole oval (at 4.1 -1.4 90) (size 3 6) (drill oval 1 3) (layers *.Cu *.Mask)
      (net 42 button-32))
    (pad 1 thru_hole oval (at -4.1 -1.4 90) (size 3 6) (drill oval 1 3) (layers *.Cu *.Mask)
      (net 18 Earth))
  )

  (module rainboard_newfighter:Sanwa-OBSF24 (layer F.Cu) (tedit 5E4BF52C) (tstamp 5E4C1697)
    (at -88.490476 0)
    (path /5E9CC04A)
    (fp_text reference S33 (at 0 6.35) (layer F.SilkS)
      (effects (font (size 1 1) (thickness 0.15)))
    )
    (fp_text value SANWA-OBSF24 (at 0 -7.62) (layer F.Fab)
      (effects (font (size 1 1) (thickness 0.15)))
    )
    (fp_circle (center -7.62 1.27) (end -7.42 1.27) (layer F.SilkS) (width 0.2))
    (fp_circle (center 0 0) (end 12 0) (layer F.SilkS) (width 0.12))
    (fp_circle (center 0 0) (end 12 0) (layer F.Fab) (width 0.12))
    (pad 1 thru_hole oval (at -4.1 -1.4) (size 3 6) (drill oval 1 3) (layers *.Cu *.Mask)
      (net 18 Earth))
    (pad 2 thru_hole oval (at 4.1 -1.4) (size 3 6) (drill oval 1 3) (layers *.Cu *.Mask)
      (net 43 button-33))
  )

  (module rainboard_newfighter:Sanwa-OBSF24 (layer F.Cu) (tedit 5E4BF52C) (tstamp 5E4C169F)
    (at 73.742063 -76.635)
    (path /5EA057EE)
    (fp_text reference S34 (at 0 6.35) (layer F.SilkS)
      (effects (font (size 1 1) (thickness 0.15)))
    )
    (fp_text value SANWA-OBSF24 (at 0 -7.62) (layer F.Fab)
      (effects (font (size 1 1) (thickness 0.15)))
    )
    (fp_circle (center -7.62 1.27) (end -7.42 1.27) (layer F.SilkS) (width 0.2))
    (fp_circle (center 0 0) (end 12 0) (layer F.SilkS) (width 0.12))
    (fp_circle (center 0 0) (end 12 0) (layer F.Fab) (width 0.12))
    (pad 1 thru_hole oval (at -4.1 -1.4) (size 3 6) (drill oval 1 3) (layers *.Cu *.Mask)
      (net 18 Earth))
    (pad 2 thru_hole oval (at 4.1 -1.4) (size 3 6) (drill oval 1 3) (layers *.Cu *.Mask)
      (net 44 button-34))
  )

  (module rainboard_newfighter:Sanwa-OBSF24 (layer F.Cu) (tedit 5E4BF52C) (tstamp 5E4C16A7)
    (at 58.993651 0)
    (path /5EA186CA)
    (fp_text reference S35 (at 0 6.35) (layer F.SilkS)
      (effects (font (size 1 1) (thickness 0.15)))
    )
    (fp_text value SANWA-OBSF24 (at 0 -7.62) (layer F.Fab)
      (effects (font (size 1 1) (thickness 0.15)))
    )
    (fp_circle (center -7.62 1.27) (end -7.42 1.27) (layer F.SilkS) (width 0.2))
    (fp_circle (center 0 0) (end 12 0) (layer F.SilkS) (width 0.12))
    (fp_circle (center 0 0) (end 12 0) (layer F.Fab) (width 0.12))
    (pad 1 thru_hole oval (at -4.1 -1.4) (size 3 6) (drill oval 1 3) (layers *.Cu *.Mask)
      (net 18 Earth))
    (pad 2 thru_hole oval (at 4.1 -1.4) (size 3 6) (drill oval 1 3) (layers *.Cu *.Mask)
      (net 45 button-35))
  )

  (module rainboard_newfighter:Sanwa-OBSF24 (layer F.Cu) (tedit 5E4BF52C) (tstamp 5E4C16AF)
    (at 0 -51.09)
    (path /5EA18742)
    (fp_text reference S36 (at 0 6.35) (layer F.SilkS)
      (effects (font (size 1 1) (thickness 0.15)))
    )
    (fp_text value SANWA-OBSF24 (at 0 -7.62) (layer F.Fab)
      (effects (font (size 1 1) (thickness 0.15)))
    )
    (fp_circle (center -7.62 1.27) (end -7.42 1.27) (layer F.SilkS) (width 0.2))
    (fp_circle (center 0 0) (end 12 0) (layer F.SilkS) (width 0.12))
    (fp_circle (center 0 0) (end 12 0) (layer F.Fab) (width 0.12))
    (pad 1 thru_hole oval (at -4.1 -1.4) (size 3 6) (drill oval 1 3) (layers *.Cu *.Mask)
      (net 18 Earth))
    (pad 2 thru_hole oval (at 4.1 -1.4) (size 3 6) (drill oval 1 3) (layers *.Cu *.Mask)
      (net 46 button-36))
  )

  (module rainboard_newfighter:Sanwa-OBSF24 (layer F.Cu) (tedit 5E4BF52C) (tstamp 5E4C16B7)
    (at -58.993651 -102.18)
    (path /5EA6CCD4)
    (fp_text reference S37 (at 0 6.35) (layer F.SilkS)
      (effects (font (size 1 1) (thickness 0.15)))
    )
    (fp_text value SANWA-OBSF24 (at 0 -7.62) (layer F.Fab)
      (effects (font (size 1 1) (thickness 0.15)))
    )
    (fp_circle (center -7.62 1.27) (end -7.42 1.27) (layer F.SilkS) (width 0.2))
    (fp_circle (center 0 0) (end 12 0) (layer F.SilkS) (width 0.12))
    (fp_circle (center 0 0) (end 12 0) (layer F.Fab) (width 0.12))
    (pad 1 thru_hole oval (at -4.1 -1.4) (size 3 6) (drill oval 1 3) (layers *.Cu *.Mask)
      (net 18 Earth))
    (pad 2 thru_hole oval (at 4.1 -1.4) (size 3 6) (drill oval 1 3) (layers *.Cu *.Mask)
      (net 47 button-37))
  )

  (module rainboard_newfighter:Sanwa-OBSF24 (layer F.Cu) (tedit 5E4BF52C) (tstamp 5E4C16BF)
    (at 0 102.18)
    (path /5EA6CD4C)
    (fp_text reference S38 (at 0 6.35) (layer F.SilkS)
      (effects (font (size 1 1) (thickness 0.15)))
    )
    (fp_text value SANWA-OBSF24 (at 0 -7.62) (layer F.Fab)
      (effects (font (size 1 1) (thickness 0.15)))
    )
    (fp_circle (center -7.62 1.27) (end -7.42 1.27) (layer F.SilkS) (width 0.2))
    (fp_circle (center 0 0) (end 12 0) (layer F.SilkS) (width 0.12))
    (fp_circle (center 0 0) (end 12 0) (layer F.Fab) (width 0.12))
    (pad 1 thru_hole oval (at -4.1 -1.4) (size 3 6) (drill oval 1 3) (layers *.Cu *.Mask)
      (net 18 Earth))
    (pad 2 thru_hole oval (at 4.1 -1.4) (size 3 6) (drill oval 1 3) (layers *.Cu *.Mask)
      (net 48 button-38))
  )

  (module rainboard_newfighter:Sanwa-OBSF24 (layer F.Cu) (tedit 5E4BF52C) (tstamp 5E4C16C7)
    (at -73.742063 25.545)
    (path /5EA6CDC4)
    (fp_text reference S39 (at 0 6.35) (layer F.SilkS)
      (effects (font (size 1 1) (thickness 0.15)))
    )
    (fp_text value SANWA-OBSF24 (at 0 -7.62) (layer F.Fab)
      (effects (font (size 1 1) (thickness 0.15)))
    )
    (fp_circle (center 0 0) (end 12 0) (layer F.Fab) (width 0.12))
    (fp_circle (center 0 0) (end 12 0) (layer F.SilkS) (width 0.12))
    (fp_circle (center -7.62 1.27) (end -7.42 1.27) (layer F.SilkS) (width 0.2))
    (pad 2 thru_hole oval (at 4.1 -1.4) (size 3 6) (drill oval 1 3) (layers *.Cu *.Mask)
      (net 49 button-39))
    (pad 1 thru_hole oval (at -4.1 -1.4) (size 3 6) (drill oval 1 3) (layers *.Cu *.Mask)
      (net 18 Earth))
  )

  (module rainboard_newfighter:Sanwa-OBSF24 (layer F.Cu) (tedit 5E4BF52C) (tstamp 5E4C16CF)
    (at 58.993651 -102.18)
    (path /5EA6CE3C)
    (fp_text reference S40 (at 0 6.35) (layer F.SilkS)
      (effects (font (size 1 1) (thickness 0.15)))
    )
    (fp_text value SANWA-OBSF24 (at 0 -7.62) (layer F.Fab)
      (effects (font (size 1 1) (thickness 0.15)))
    )
    (fp_circle (center -7.62 1.27) (end -7.42 1.27) (layer F.SilkS) (width 0.2))
    (fp_circle (center 0 0) (end 12 0) (layer F.SilkS) (width 0.12))
    (fp_circle (center 0 0) (end 12 0) (layer F.Fab) (width 0.12))
    (pad 1 thru_hole oval (at -4.1 -1.4) (size 3 6) (drill oval 1 3) (layers *.Cu *.Mask)
      (net 18 Earth))
    (pad 2 thru_hole oval (at 4.1 -1.4) (size 3 6) (drill oval 1 3) (layers *.Cu *.Mask)
      (net 50 button-40))
  )

  (module rainboard_newfighter:Sanwa-OBSF24 (layer F.Cu) (tedit 5E4BF52C) (tstamp 5E4C16D7)
    (at 73.742063 25.545)
    (path /5E9CC059)
    (fp_text reference S41 (at 0 6.35) (layer F.SilkS)
      (effects (font (size 1 1) (thickness 0.15)))
    )
    (fp_text value SANWA-OBSF24 (at 0 -7.62) (layer F.Fab)
      (effects (font (size 1 1) (thickness 0.15)))
    )
    (fp_circle (center 0 0) (end 12 0) (layer F.Fab) (width 0.12))
    (fp_circle (center 0 0) (end 12 0) (layer F.SilkS) (width 0.12))
    (fp_circle (center -7.62 1.27) (end -7.42 1.27) (layer F.SilkS) (width 0.2))
    (pad 2 thru_hole oval (at 4.1 -1.4) (size 3 6) (drill oval 1 3) (layers *.Cu *.Mask)
      (net 51 button-41))
    (pad 1 thru_hole oval (at -4.1 -1.4) (size 3 6) (drill oval 1 3) (layers *.Cu *.Mask)
      (net 18 Earth))
  )

  (module rainboard_newfighter:Sanwa-OBSF24 (layer F.Cu) (tedit 5E4BF52C) (tstamp 5E4C16DF)
    (at -14.748413 -76.635)
    (path /5EA057FD)
    (fp_text reference S42 (at 0 6.35) (layer F.SilkS)
      (effects (font (size 1 1) (thickness 0.15)))
    )
    (fp_text value SANWA-OBSF24 (at 0 -7.62) (layer F.Fab)
      (effects (font (size 1 1) (thickness 0.15)))
    )
